0 0.638125 0.076462 0.693750 0.036490
0 0.637500 0.112256 0.692500 0.036212
0 0.637500 0.149025 0.695000 0.039276
0 0.638750 0.185933 0.690000 0.036490
0 0.637500 0.221518 0.690000 0.036351
0 0.638750 0.256894 0.690000 0.036351
0 0.637500 0.292270 0.692500 0.036072
0 0.636250 0.326393 0.692500 0.033844
0 0.638125 0.360794 0.696250 0.036072
0 0.636875 0.396240 0.693750 0.036490
0 0.635625 0.430571 0.693750 0.033844
0 0.636250 0.466156 0.695000 0.038997
0 0.636250 0.502577 0.695000 0.035237
0 0.635625 0.537535 0.696250 0.036351
0 0.635000 0.572632 0.695000 0.035237
0 0.635000 0.607660 0.697500 0.036212
0 0.635625 0.641574 0.698750 0.033287
0 0.635000 0.675557 0.697500 0.036351
0 0.635625 0.711142 0.696250 0.036490
0 0.635000 0.746657 0.695000 0.036212
0 0.636875 0.782173 0.693750 0.036490
0 0.636875 0.817618 0.693750 0.036351
0 0.636875 0.853273 0.691250 0.036351
0 0.636875 0.888719 0.696250 0.036490
0 0.636875 0.922563 0.696250 0.033426
