0 0.637500 0.067788 0.690000 0.041503
0 0.637500 0.106087 0.692500 0.037134
0 0.638125 0.141182 0.696250 0.034804
0 0.638125 0.175040 0.693750 0.034950
0 0.636875 0.208898 0.693750 0.034804
0 0.637500 0.243411 0.692500 0.035095
0 0.636250 0.277632 0.692500 0.034804
0 0.637500 0.311781 0.690000 0.034367
0 0.636875 0.350517 0.691250 0.044561
0 0.636875 0.388161 0.691250 0.031892
0 0.637500 0.420781 0.690000 0.034804
0 0.636250 0.453473 0.690000 0.032037
0 0.636250 0.486311 0.690000 0.035095
0 0.637500 0.520970 0.690000 0.035095
0 0.636875 0.558031 0.688750 0.040775
0 0.635625 0.596767 0.691250 0.038153
0 0.636250 0.633610 0.692500 0.036697
0 0.636250 0.667249 0.692500 0.032037
0 0.636875 0.701616 0.688750 0.037862
0 0.635625 0.739115 0.686250 0.038008
0 0.637500 0.776322 0.687500 0.037862
0 0.636250 0.808941 0.690000 0.028834
0 0.637500 0.840032 0.690000 0.034513
0 0.637500 0.873962 0.690000 0.034513
0 0.636250 0.910951 0.690000 0.040629
