0 0.638125 0.064166 0.688750 0.036948
0 0.638125 0.100268 0.688750 0.036666
0 0.636875 0.136229 0.688750 0.036666
0 0.636875 0.170639 0.688750 0.033564
0 0.638125 0.204132 0.688750 0.035115
0 0.638125 0.238753 0.688750 0.035820
0 0.638125 0.274221 0.688750 0.036807
0 0.637500 0.308701 0.687500 0.033564
0 0.637500 0.341489 0.687500 0.033705
0 0.637500 0.375899 0.690000 0.036807
0 0.636875 0.413482 0.688750 0.039769
0 0.637500 0.450994 0.690000 0.036666
0 0.638125 0.486885 0.688750 0.036807
0 0.638125 0.522846 0.688750 0.036807
0 0.636875 0.558877 0.688750 0.036666
0 0.636875 0.593217 0.691250 0.033705
0 0.636875 0.630588 0.688750 0.042730
0 0.638125 0.666761 0.688750 0.031307
0 0.637500 0.699831 0.690000 0.036807
0 0.637500 0.734382 0.690000 0.033705
0 0.637500 0.768721 0.690000 0.036948
0 0.636875 0.804682 0.691250 0.036666
0 0.638750 0.840643 0.690000 0.036948
0 0.638750 0.876604 0.690000 0.036948
0 0.636875 0.913905 0.691250 0.039628
