0 0.636875 0.063064 0.688750 0.036215
0 0.637500 0.098030 0.687500 0.035105
0 0.637500 0.132510 0.690000 0.034966
0 0.638125 0.168864 0.691250 0.038851
0 0.637500 0.205564 0.692500 0.036215
0 0.637500 0.240391 0.692500 0.035382
0 0.637500 0.275288 0.695000 0.036354
0 0.636250 0.310254 0.695000 0.035244
0 0.635625 0.344596 0.696250 0.035105
0 0.635625 0.379007 0.696250 0.035105
0 0.635625 0.413973 0.696250 0.035937
0 0.636250 0.452130 0.697500 0.041765
0 0.636250 0.489802 0.695000 0.035244
0 0.634375 0.524490 0.693750 0.035799
0 0.635625 0.561191 0.693750 0.038990
0 0.636250 0.599348 0.695000 0.038990
0 0.635625 0.635563 0.696250 0.035105
0 0.634375 0.670459 0.696250 0.036076
0 0.634375 0.705425 0.696250 0.034966
0 0.635000 0.740253 0.697500 0.036076
0 0.636250 0.775635 0.695000 0.036076
0 0.635000 0.812405 0.697500 0.038851
0 0.635625 0.847648 0.696250 0.033023
0 0.635000 0.880117 0.692500 0.033023
0 0.635625 0.912307 0.691250 0.033023
