0 0.638125 0.083651 0.691250 0.035422
0 0.638750 0.118324 0.690000 0.035559
0 0.638125 0.153202 0.691250 0.035559
0 0.638125 0.189305 0.691250 0.038828
0 0.638125 0.225068 0.688750 0.034877
0 0.638125 0.259401 0.688750 0.035422
0 0.636875 0.295436 0.691250 0.038283
0 0.636875 0.331540 0.693750 0.035559
0 0.636875 0.364782 0.691250 0.032561
0 0.636875 0.399319 0.691250 0.038420
0 0.636875 0.435150 0.691250 0.034605
0 0.636875 0.468869 0.691250 0.034741
0 0.636875 0.502929 0.691250 0.035286
0 0.636250 0.537534 0.692500 0.035559
0 0.636875 0.572343 0.691250 0.035695
0 0.636875 0.608583 0.691250 0.038692
0 0.637500 0.647684 0.692500 0.041417
0 0.638125 0.682561 0.691250 0.029973
0 0.637500 0.714033 0.690000 0.034605
0 0.637500 0.749796 0.690000 0.038828
0 0.638125 0.784537 0.691250 0.032561
0 0.637500 0.816281 0.690000 0.032561
0 0.638125 0.850954 0.688750 0.038692
0 0.639375 0.890054 0.688750 0.041417
0 0.638125 0.927793 0.688750 0.035422
