0 0.636875 0.064545 0.688750 0.038853
0 0.635625 0.136959 0.693750 0.036067
0 0.637500 0.101448 0.690000 0.036067
0 0.636250 0.172051 0.695000 0.035232
0 0.636875 0.207005 0.693750 0.036067
0 0.635625 0.242306 0.693750 0.035650
0 0.635000 0.277747 0.692500 0.036067
0 0.635000 0.313188 0.692500 0.036207
0 0.635000 0.348559 0.692500 0.035928
0 0.635625 0.383512 0.691250 0.035093
0 0.635625 0.418048 0.691250 0.035093
0 0.635625 0.452514 0.691250 0.035232
0 0.635625 0.487119 0.691250 0.035093
0 0.635625 0.522072 0.693750 0.035928
0 0.636250 0.557652 0.695000 0.036067
0 0.635625 0.593163 0.693750 0.036067
0 0.636875 0.628464 0.691250 0.035650
0 0.635625 0.663835 0.691250 0.035928
0 0.636875 0.698928 0.691250 0.035093
0 0.635625 0.733881 0.691250 0.036207
0 0.636250 0.768904 0.692500 0.035232
0 0.637500 0.802465 0.692500 0.033004
0 0.635625 0.836304 0.691250 0.035789
0 0.636250 0.871675 0.690000 0.036067
0 0.636875 0.908509 0.691250 0.038992
