0 0.637500 0.081285 0.692500 0.034629
0 0.637500 0.116442 0.692500 0.037272
0 0.637500 0.154507 0.690000 0.040180
0 0.637500 0.192109 0.690000 0.037404
0 0.637500 0.226804 0.695000 0.033836
0 0.638125 0.261433 0.691250 0.037272
0 0.636875 0.299233 0.691250 0.040180
0 0.636875 0.335712 0.691250 0.034629
0 0.637500 0.367896 0.690000 0.031853
0 0.636250 0.399749 0.692500 0.033703
0 0.635000 0.432527 0.695000 0.033968
0 0.635625 0.468676 0.693750 0.040444
0 0.637500 0.503635 0.692500 0.031853
0 0.636250 0.537206 0.692500 0.037404
0 0.636250 0.572429 0.692500 0.034629
0 0.636875 0.606001 0.691250 0.034893
0 0.635625 0.639638 0.693750 0.034761
0 0.637500 0.673341 0.695000 0.034496
0 0.635625 0.707111 0.693750 0.034893
0 0.636875 0.740285 0.696250 0.033571
0 0.636250 0.772006 0.695000 0.031721
0 0.636250 0.804454 0.697500 0.034496
0 0.634375 0.839413 0.693750 0.037272
0 0.635625 0.874637 0.693750 0.034496
0 0.636250 0.909529 0.695000 0.037140
