0 0.636250 0.046825 0.687500 0.027169
0 0.636250 0.072656 0.690000 0.025522
0 0.635625 0.097767 0.691250 0.026140
0 0.636250 0.120768 0.692500 0.021097
0 0.636250 0.143820 0.690000 0.026037
0 0.636250 0.169342 0.692500 0.026037
0 0.635000 0.194865 0.692500 0.026037
0 0.635000 0.220284 0.692500 0.026037
0 0.637500 0.245806 0.692500 0.026037
0 0.636875 0.270042 0.688750 0.023258
0 0.637500 0.294124 0.690000 0.026140
0 0.636875 0.319697 0.688750 0.026037
0 0.638125 0.345220 0.688750 0.026037
0 0.636875 0.370742 0.691250 0.026037
0 0.637500 0.396573 0.687500 0.026860
0 0.637500 0.422507 0.687500 0.026037
0 0.636875 0.448441 0.688750 0.026860
0 0.638125 0.473603 0.688750 0.024699
0 0.638125 0.498559 0.691250 0.026037
0 0.637500 0.523464 0.690000 0.025214
0 0.637500 0.547957 0.690000 0.025419
0 0.637500 0.575486 0.692500 0.030874
0 0.637500 0.601780 0.690000 0.022744
0 0.637500 0.625193 0.692500 0.025111
0 0.636250 0.648348 0.692500 0.022641
0 0.636875 0.669394 0.691250 0.020480
0 0.635625 0.692549 0.691250 0.027066
0 0.636250 0.715859 0.690000 0.020788
0 0.637500 0.736081 0.690000 0.020685
0 0.636875 0.757333 0.691250 0.022847
0 0.636875 0.780642 0.693750 0.025214
0 0.638125 0.803952 0.691250 0.022847
0 0.638125 0.824997 0.691250 0.020685
0 0.636875 0.846094 0.693750 0.022744
0 0.638125 0.867912 0.693750 0.022744
0 0.639375 0.889935 0.693750 0.022744
0 0.638750 0.913039 0.690000 0.024699
0 0.636875 0.938304 0.688750 0.027066
