0 0.765000 0.076393 0.440000 0.036630
0 0.763125 0.111908 0.438750 0.036630
0 0.765625 0.149025 0.436250 0.039554
0 0.765625 0.185864 0.436250 0.036351
0 0.766875 0.221379 0.431250 0.036351
0 0.765625 0.256685 0.436250 0.036490
0 0.763750 0.292340 0.437500 0.035655
0 0.764375 0.326393 0.436250 0.033844
0 0.765000 0.360655 0.442500 0.036072
0 0.767500 0.396240 0.430000 0.036212
0 0.767500 0.430432 0.430000 0.033844
0 0.766250 0.466017 0.432500 0.038997
0 0.765000 0.502507 0.435000 0.035376
0 0.763750 0.537535 0.440000 0.036351
0 0.764375 0.572493 0.436250 0.035237
0 0.766875 0.607660 0.433750 0.036212
0 0.768125 0.641643 0.433750 0.033148
0 0.766875 0.675487 0.433750 0.036212
0 0.765625 0.711142 0.436250 0.036212
0 0.763125 0.746588 0.438750 0.036072
0 0.765625 0.782173 0.433750 0.036490
0 0.764375 0.817618 0.436250 0.036072
0 0.764375 0.853203 0.436250 0.036490
0 0.765000 0.888719 0.440000 0.036490
0 0.765000 0.922632 0.440000 0.033287
