0 0.764375 0.063133 0.433750 0.036076
0 0.763750 0.098030 0.435000 0.035105
0 0.765000 0.132510 0.435000 0.035244
0 0.765625 0.168864 0.436250 0.038851
0 0.764375 0.205564 0.436250 0.036215
0 0.765000 0.240461 0.435000 0.035244
0 0.765000 0.275288 0.437500 0.036354
0 0.763125 0.310323 0.438750 0.035105
0 0.765000 0.344665 0.437500 0.034966
0 0.764375 0.379076 0.438750 0.034966
0 0.766875 0.413973 0.433750 0.035937
0 0.768125 0.452060 0.433750 0.041904
0 0.766875 0.489871 0.431250 0.035105
0 0.766875 0.524559 0.428750 0.035660
0 0.766875 0.561260 0.431250 0.038851
0 0.766875 0.599348 0.431250 0.038990
0 0.768750 0.635563 0.430000 0.035105
0 0.766250 0.670598 0.432500 0.036076
0 0.765000 0.705425 0.435000 0.035244
0 0.766875 0.740253 0.433750 0.036076
0 0.765625 0.775635 0.433750 0.036076
0 0.766875 0.812474 0.433750 0.038712
0 0.766875 0.847717 0.433750 0.033162
0 0.767500 0.880047 0.427500 0.033162
0 0.767500 0.912238 0.427500 0.032885
